25
0,0
1,0
1,1
0,1
1/2,0
1/2,1
3363/3380,1
3363/3380,0
17/3380,1
17/3380,0
0,1/2
17/3380,1/2
1/2,1/2
3363/3380,1/2
1,1/2
1,743/6760
3363/3380,743/6760
1,6017/6760
3363/3380,6017/6760
1/2,743/6760
1/2,6017/6760
17/3380,743/6760
17/3380,6017/6760
0,743/6760
0,6017/6760
16
4 8 3 24 22
4 22 24 10 11
4 11 10 23 21
4 21 23 0 9
4 5 8 22 20
4 20 22 11 12
4 12 11 21 19
4 19 21 9 4
4 6 5 20 18
4 18 20 12 13
4 13 12 19 16
4 16 19 4 7
4 2 6 18 17
4 17 18 13 14
4 14 13 16 15
4 15 16 7 1
414/845,947/3380
414/845,947/3380
414/845,947/3380
414/845,947/3380
0,947/3380
0,947/3380
1673/3380,947/3380
1673/3380,947/3380
1673/3380,947/3380
1673/3380,947/3380
414/845,0
1673/3380,0
0,0
1673/3380,0
414/845,0
414/845,2637/6760
1673/3380,2637/6760
414/845,2637/6760
1673/3380,2637/6760
0,2637/6760
0,2637/6760
1673/3380,2637/6760
1673/3380,2637/6760
414/845,2637/6760
414/845,2637/6760
